Time0
Waiting Clients : (1, 37, 5);
(2, 13, 6);(3, 20, 2);(4, 35, 4);(5, 32, 3);(6, 35, 6);(7, 23, 3);(8, 16, 4);(9, 21, 2);(10, 2, 5);(11, 10, 5);
(12, 27, 5);(13, 32, 5);(14, 39, 4);(15, 29, 2);(16, 27, 5);(17, 32, 6);(18, 6, 3);(19, 11, 6);(20, 10, 3);(21, 8, 3);
(22, 37, 5);(23, 18, 5);(24, 36, 5);(25, 17, 4);(26, 23, 4);(27, 29, 3);(28, 29, 4);(29, 34, 5);(30, 34, 4);(31, 10, 6);
(32, 17, 3);(33, 11, 5);(34, 38, 4);(35, 21, 6);(36, 12, 5);(37, 11, 6);(38, 3, 6);(39, 38, 4);(40, 21, 4);(41, 5, 6);
(42, 36, 2);(43, 32, 3);(44, 10, 4);(45, 5, 3);(46, 3, 2);(47, 31, 4);(48, 10, 6);(49, 13, 6);(50, 31, 3);
Queue 1: closed
Queue 2: closed
Queue 3: closed
Queue 4: closed
Queue 5: closed

Time1
Waiting Clients : (1, 37, 5);
(2, 13, 6);(3, 20, 2);(4, 35, 4);(5, 32, 3);(6, 35, 6);(7, 23, 3);(8, 16, 4);(9, 21, 2);(10, 2, 5);(11, 10, 5);
(12, 27, 5);(13, 32, 5);(14, 39, 4);(15, 29, 2);(16, 27, 5);(17, 32, 6);(18, 6, 3);(19, 11, 6);(20, 10, 3);(21, 8, 3);
(22, 37, 5);(23, 18, 5);(24, 36, 5);(25, 17, 4);(26, 23, 4);(27, 29, 3);(28, 29, 4);(29, 34, 5);(30, 34, 4);(31, 10, 6);
(32, 17, 3);(33, 11, 5);(34, 38, 4);(35, 21, 6);(36, 12, 5);(37, 11, 6);(38, 3, 6);(39, 38, 4);(40, 21, 4);(41, 5, 6);
(42, 36, 2);(43, 32, 3);(44, 10, 4);(45, 5, 3);(46, 3, 2);(47, 31, 4);(48, 10, 6);(49, 13, 6);(50, 31, 3);
Queue 1: closed
Queue 2: closed
Queue 3: closed
Queue 4: closed
Queue 5: closed

Time2
Waiting Clients : (1, 37, 5);
(2, 13, 6);(3, 20, 2);(4, 35, 4);(5, 32, 3);(6, 35, 6);(7, 23, 3);(8, 16, 4);(9, 21, 2);(11, 10, 5);(12, 27, 5);
(13, 32, 5);(14, 39, 4);(15, 29, 2);(16, 27, 5);(17, 32, 6);(18, 6, 3);(19, 11, 6);(20, 10, 3);(21, 8, 3);(22, 37, 5);
(23, 18, 5);(24, 36, 5);(25, 17, 4);(26, 23, 4);(27, 29, 3);(28, 29, 4);(29, 34, 5);(30, 34, 4);(31, 10, 6);(32, 17, 3);
(33, 11, 5);(34, 38, 4);(35, 21, 6);(36, 12, 5);(37, 11, 6);(38, 3, 6);(39, 38, 4);(40, 21, 4);(41, 5, 6);(42, 36, 2);
(43, 32, 3);(44, 10, 4);(45, 5, 3);(46, 3, 2);(47, 31, 4);(48, 10, 6);(49, 13, 6);(50, 31, 3);
Queue 1: (10, 2, 5); 
Queue 2: closed
Queue 3: closed
Queue 4: closed
Queue 5: closed

Time3
Waiting Clients : (1, 37, 5);
(2, 13, 6);(3, 20, 2);(4, 35, 4);(5, 32, 3);(6, 35, 6);(7, 23, 3);(8, 16, 4);(9, 21, 2);(11, 10, 5);(12, 27, 5);
(13, 32, 5);(14, 39, 4);(15, 29, 2);(16, 27, 5);(17, 32, 6);(18, 6, 3);(19, 11, 6);(20, 10, 3);(21, 8, 3);(22, 37, 5);
(23, 18, 5);(24, 36, 5);(25, 17, 4);(26, 23, 4);(27, 29, 3);(28, 29, 4);(29, 34, 5);(30, 34, 4);(31, 10, 6);(32, 17, 3);
(33, 11, 5);(34, 38, 4);(35, 21, 6);(36, 12, 5);(37, 11, 6);(39, 38, 4);(40, 21, 4);(41, 5, 6);(42, 36, 2);(43, 32, 3);
(44, 10, 4);(45, 5, 3);(47, 31, 4);(48, 10, 6);(49, 13, 6);(50, 31, 3);
Queue 1: (10, 2, 5); 
Queue 2: (38, 3, 6); 
Queue 3: (46, 3, 2); 
Queue 4: closed
Queue 5: closed

Time4
Waiting Clients : (1, 37, 5);
(2, 13, 6);(3, 20, 2);(4, 35, 4);(5, 32, 3);(6, 35, 6);(7, 23, 3);(8, 16, 4);(9, 21, 2);(11, 10, 5);(12, 27, 5);
(13, 32, 5);(14, 39, 4);(15, 29, 2);(16, 27, 5);(17, 32, 6);(18, 6, 3);(19, 11, 6);(20, 10, 3);(21, 8, 3);(22, 37, 5);
(23, 18, 5);(24, 36, 5);(25, 17, 4);(26, 23, 4);(27, 29, 3);(28, 29, 4);(29, 34, 5);(30, 34, 4);(31, 10, 6);(32, 17, 3);
(33, 11, 5);(34, 38, 4);(35, 21, 6);(36, 12, 5);(37, 11, 6);(39, 38, 4);(40, 21, 4);(41, 5, 6);(42, 36, 2);(43, 32, 3);
(44, 10, 4);(45, 5, 3);(47, 31, 4);(48, 10, 6);(49, 13, 6);(50, 31, 3);
Queue 1: (10, 2, 5); 
Queue 2: (38, 3, 6); 
Queue 3: (46, 3, 2); 
Queue 4: closed
Queue 5: closed

Time5
Waiting Clients : (1, 37, 5);
(2, 13, 6);(3, 20, 2);(4, 35, 4);(5, 32, 3);(6, 35, 6);(7, 23, 3);(8, 16, 4);(9, 21, 2);(11, 10, 5);(12, 27, 5);
(13, 32, 5);(14, 39, 4);(15, 29, 2);(16, 27, 5);(17, 32, 6);(18, 6, 3);(19, 11, 6);(20, 10, 3);(21, 8, 3);(22, 37, 5);
(23, 18, 5);(24, 36, 5);(25, 17, 4);(26, 23, 4);(27, 29, 3);(28, 29, 4);(29, 34, 5);(30, 34, 4);(31, 10, 6);(32, 17, 3);
(33, 11, 5);(34, 38, 4);(35, 21, 6);(36, 12, 5);(37, 11, 6);(39, 38, 4);(40, 21, 4);(42, 36, 2);(43, 32, 3);(44, 10, 4);
(47, 31, 4);(48, 10, 6);(49, 13, 6);(50, 31, 3);
Queue 1: (10, 2, 5); 
Queue 2: (38, 3, 6); 
Queue 3: (41, 5, 6); 
Queue 4: (45, 5, 3); 
Queue 5: closed

Time6
Waiting Clients : (1, 37, 5);
(2, 13, 6);(3, 20, 2);(4, 35, 4);(5, 32, 3);(6, 35, 6);(7, 23, 3);(8, 16, 4);(9, 21, 2);(11, 10, 5);(12, 27, 5);
(13, 32, 5);(14, 39, 4);(15, 29, 2);(16, 27, 5);(17, 32, 6);(19, 11, 6);(20, 10, 3);(21, 8, 3);(22, 37, 5);(23, 18, 5);
(24, 36, 5);(25, 17, 4);(26, 23, 4);(27, 29, 3);(28, 29, 4);(29, 34, 5);(30, 34, 4);(31, 10, 6);(32, 17, 3);(33, 11, 5);
(34, 38, 4);(35, 21, 6);(36, 12, 5);(37, 11, 6);(39, 38, 4);(40, 21, 4);(42, 36, 2);(43, 32, 3);(44, 10, 4);(47, 31, 4);
(48, 10, 6);(49, 13, 6);(50, 31, 3);
Queue 1: (10, 2, 5); 
Queue 2: (38, 3, 6); 
Queue 3: (41, 5, 6); 
Queue 4: (45, 5, 3); 
Queue 5: (18, 6, 3); 

Time7
Waiting Clients : (1, 37, 5);
(2, 13, 6);(3, 20, 2);(4, 35, 4);(5, 32, 3);(6, 35, 6);(7, 23, 3);(8, 16, 4);(9, 21, 2);(11, 10, 5);(12, 27, 5);
(13, 32, 5);(14, 39, 4);(15, 29, 2);(16, 27, 5);(17, 32, 6);(19, 11, 6);(20, 10, 3);(21, 8, 3);(22, 37, 5);(23, 18, 5);
(24, 36, 5);(25, 17, 4);(26, 23, 4);(27, 29, 3);(28, 29, 4);(29, 34, 5);(30, 34, 4);(31, 10, 6);(32, 17, 3);(33, 11, 5);
(34, 38, 4);(35, 21, 6);(36, 12, 5);(37, 11, 6);(39, 38, 4);(40, 21, 4);(42, 36, 2);(43, 32, 3);(44, 10, 4);(47, 31, 4);
(48, 10, 6);(49, 13, 6);(50, 31, 3);
Queue 1: closed
Queue 2: (38, 3, 6); 
Queue 3: (41, 5, 6); 
Queue 4: (45, 5, 3); 
Queue 5: (18, 6, 3); 

Time8
Waiting Clients : (1, 37, 5);
(2, 13, 6);(3, 20, 2);(4, 35, 4);(5, 32, 3);(6, 35, 6);(7, 23, 3);(8, 16, 4);(9, 21, 2);(11, 10, 5);(12, 27, 5);
(13, 32, 5);(14, 39, 4);(15, 29, 2);(16, 27, 5);(17, 32, 6);(19, 11, 6);(20, 10, 3);(22, 37, 5);(23, 18, 5);(24, 36, 5);
(25, 17, 4);(26, 23, 4);(27, 29, 3);(28, 29, 4);(29, 34, 5);(30, 34, 4);(31, 10, 6);(32, 17, 3);(33, 11, 5);(34, 38, 4);
(35, 21, 6);(36, 12, 5);(37, 11, 6);(39, 38, 4);(40, 21, 4);(42, 36, 2);(43, 32, 3);(44, 10, 4);(47, 31, 4);(48, 10, 6);
(49, 13, 6);(50, 31, 3);
Queue 1: (21, 8, 3); 
Queue 2: (38, 3, 6); 
Queue 3: (41, 5, 6); 
Queue 4: closed
Queue 5: (18, 6, 3); 

Time9
Waiting Clients : (1, 37, 5);
(2, 13, 6);(3, 20, 2);(4, 35, 4);(5, 32, 3);(6, 35, 6);(7, 23, 3);(8, 16, 4);(9, 21, 2);(11, 10, 5);(12, 27, 5);
(13, 32, 5);(14, 39, 4);(15, 29, 2);(16, 27, 5);(17, 32, 6);(19, 11, 6);(20, 10, 3);(22, 37, 5);(23, 18, 5);(24, 36, 5);
(25, 17, 4);(26, 23, 4);(27, 29, 3);(28, 29, 4);(29, 34, 5);(30, 34, 4);(31, 10, 6);(32, 17, 3);(33, 11, 5);(34, 38, 4);
(35, 21, 6);(36, 12, 5);(37, 11, 6);(39, 38, 4);(40, 21, 4);(42, 36, 2);(43, 32, 3);(44, 10, 4);(47, 31, 4);(48, 10, 6);
(49, 13, 6);(50, 31, 3);
Queue 1: (21, 8, 3); 
Queue 2: closed
Queue 3: (41, 5, 6); 
Queue 4: closed
Queue 5: closed

Time10
Waiting Clients : (1, 37, 5);
(2, 13, 6);(3, 20, 2);(4, 35, 4);(5, 32, 3);(6, 35, 6);(7, 23, 3);(8, 16, 4);(9, 21, 2);(12, 27, 5);(13, 32, 5);
(14, 39, 4);(15, 29, 2);(16, 27, 5);(17, 32, 6);(19, 11, 6);(22, 37, 5);(23, 18, 5);(24, 36, 5);(25, 17, 4);(26, 23, 4);
(27, 29, 3);(28, 29, 4);(29, 34, 5);(30, 34, 4);(32, 17, 3);(33, 11, 5);(34, 38, 4);(35, 21, 6);(36, 12, 5);(37, 11, 6);
(39, 38, 4);(40, 21, 4);(42, 36, 2);(43, 32, 3);(47, 31, 4);(49, 13, 6);(50, 31, 3);
Queue 1: (21, 8, 3); (44, 10, 4); 
Queue 2: (11, 10, 5); (48, 10, 6); 
Queue 3: (41, 5, 6); 
Queue 4: (20, 10, 3); 
Queue 5: (31, 10, 6); 

Time11
Waiting Clients : (1, 37, 5);
(2, 13, 6);(3, 20, 2);(4, 35, 4);(5, 32, 3);(6, 35, 6);(7, 23, 3);(8, 16, 4);(9, 21, 2);(12, 27, 5);(13, 32, 5);
(14, 39, 4);(15, 29, 2);(16, 27, 5);(17, 32, 6);(22, 37, 5);(23, 18, 5);(24, 36, 5);(25, 17, 4);(26, 23, 4);(27, 29, 3);
(28, 29, 4);(29, 34, 5);(30, 34, 4);(32, 17, 3);(34, 38, 4);(35, 21, 6);(36, 12, 5);(39, 38, 4);(40, 21, 4);(42, 36, 2);
(43, 32, 3);(47, 31, 4);(49, 13, 6);(50, 31, 3);
Queue 1: (44, 10, 4); (33, 11, 5); 
Queue 2: (11, 10, 5); (48, 10, 6); 
Queue 3: (19, 11, 6); (37, 11, 6); 
Queue 4: (20, 10, 3); 
Queue 5: (31, 10, 6); 

Time12
Waiting Clients : (1, 37, 5);
(2, 13, 6);(3, 20, 2);(4, 35, 4);(5, 32, 3);(6, 35, 6);(7, 23, 3);(8, 16, 4);(9, 21, 2);(12, 27, 5);(13, 32, 5);
(14, 39, 4);(15, 29, 2);(16, 27, 5);(17, 32, 6);(22, 37, 5);(23, 18, 5);(24, 36, 5);(25, 17, 4);(26, 23, 4);(27, 29, 3);
(28, 29, 4);(29, 34, 5);(30, 34, 4);(32, 17, 3);(34, 38, 4);(35, 21, 6);(39, 38, 4);(40, 21, 4);(42, 36, 2);(43, 32, 3);
(47, 31, 4);(49, 13, 6);(50, 31, 3);
Queue 1: (44, 10, 4); (33, 11, 5); 
Queue 2: (11, 10, 5); (48, 10, 6); 
Queue 3: (19, 11, 6); (37, 11, 6); 
Queue 4: (20, 10, 3); (36, 12, 5); 
Queue 5: (31, 10, 6); 

Time13
Waiting Clients : (1, 37, 5);
(3, 20, 2);(4, 35, 4);(5, 32, 3);(6, 35, 6);(7, 23, 3);(8, 16, 4);(9, 21, 2);(12, 27, 5);(13, 32, 5);(14, 39, 4);
(15, 29, 2);(16, 27, 5);(17, 32, 6);(22, 37, 5);(23, 18, 5);(24, 36, 5);(25, 17, 4);(26, 23, 4);(27, 29, 3);(28, 29, 4);
(29, 34, 5);(30, 34, 4);(32, 17, 3);(34, 38, 4);(35, 21, 6);(39, 38, 4);(40, 21, 4);(42, 36, 2);(43, 32, 3);(47, 31, 4);
(50, 31, 3);
Queue 1: (44, 10, 4); (33, 11, 5); 
Queue 2: (11, 10, 5); (48, 10, 6); 
Queue 3: (19, 11, 6); (37, 11, 6); 
Queue 4: (36, 12, 5); (2, 13, 6); 
Queue 5: (31, 10, 6); (49, 13, 6); 

Time14
Waiting Clients : (1, 37, 5);
(3, 20, 2);(4, 35, 4);(5, 32, 3);(6, 35, 6);(7, 23, 3);(8, 16, 4);(9, 21, 2);(12, 27, 5);(13, 32, 5);(14, 39, 4);
(15, 29, 2);(16, 27, 5);(17, 32, 6);(22, 37, 5);(23, 18, 5);(24, 36, 5);(25, 17, 4);(26, 23, 4);(27, 29, 3);(28, 29, 4);
(29, 34, 5);(30, 34, 4);(32, 17, 3);(34, 38, 4);(35, 21, 6);(39, 38, 4);(40, 21, 4);(42, 36, 2);(43, 32, 3);(47, 31, 4);
(50, 31, 3);
Queue 1: (44, 10, 4); (33, 11, 5); 
Queue 2: (11, 10, 5); (48, 10, 6); 
Queue 3: (19, 11, 6); (37, 11, 6); 
Queue 4: (36, 12, 5); (2, 13, 6); 
Queue 5: (31, 10, 6); (49, 13, 6); 

Time15
Waiting Clients : (1, 37, 5);
(3, 20, 2);(4, 35, 4);(5, 32, 3);(6, 35, 6);(7, 23, 3);(8, 16, 4);(9, 21, 2);(12, 27, 5);(13, 32, 5);(14, 39, 4);
(15, 29, 2);(16, 27, 5);(17, 32, 6);(22, 37, 5);(23, 18, 5);(24, 36, 5);(25, 17, 4);(26, 23, 4);(27, 29, 3);(28, 29, 4);
(29, 34, 5);(30, 34, 4);(32, 17, 3);(34, 38, 4);(35, 21, 6);(39, 38, 4);(40, 21, 4);(42, 36, 2);(43, 32, 3);(47, 31, 4);
(50, 31, 3);
Queue 1: (33, 11, 5); 
Queue 2: (48, 10, 6); 
Queue 3: (19, 11, 6); (37, 11, 6); 
Queue 4: (36, 12, 5); (2, 13, 6); 
Queue 5: (31, 10, 6); (49, 13, 6); 

Time16
Waiting Clients : (1, 37, 5);
(3, 20, 2);(4, 35, 4);(5, 32, 3);(6, 35, 6);(7, 23, 3);(9, 21, 2);(12, 27, 5);(13, 32, 5);(14, 39, 4);(15, 29, 2);
(16, 27, 5);(17, 32, 6);(22, 37, 5);(23, 18, 5);(24, 36, 5);(25, 17, 4);(26, 23, 4);(27, 29, 3);(28, 29, 4);(29, 34, 5);
(30, 34, 4);(32, 17, 3);(34, 38, 4);(35, 21, 6);(39, 38, 4);(40, 21, 4);(42, 36, 2);(43, 32, 3);(47, 31, 4);(50, 31, 3);

Queue 1: (33, 11, 5); (8, 16, 4); 
Queue 2: (48, 10, 6); 
Queue 3: (19, 11, 6); (37, 11, 6); 
Queue 4: (36, 12, 5); (2, 13, 6); 
Queue 5: (49, 13, 6); 

Time17
Waiting Clients : (1, 37, 5);
(3, 20, 2);(4, 35, 4);(5, 32, 3);(6, 35, 6);(7, 23, 3);(9, 21, 2);(12, 27, 5);(13, 32, 5);(14, 39, 4);(15, 29, 2);
(16, 27, 5);(17, 32, 6);(22, 37, 5);(23, 18, 5);(24, 36, 5);(26, 23, 4);(27, 29, 3);(28, 29, 4);(29, 34, 5);(30, 34, 4);
(34, 38, 4);(35, 21, 6);(39, 38, 4);(40, 21, 4);(42, 36, 2);(43, 32, 3);(47, 31, 4);(50, 31, 3);
Queue 1: (33, 11, 5); (8, 16, 4); 
Queue 2: (48, 10, 6); (25, 17, 4); 
Queue 3: (37, 11, 6); (32, 17, 3); 
Queue 4: (36, 12, 5); (2, 13, 6); 
Queue 5: (49, 13, 6); 

Time18
Waiting Clients : (1, 37, 5);
(3, 20, 2);(4, 35, 4);(5, 32, 3);(6, 35, 6);(7, 23, 3);(9, 21, 2);(12, 27, 5);(13, 32, 5);(14, 39, 4);(15, 29, 2);
(16, 27, 5);(17, 32, 6);(22, 37, 5);(24, 36, 5);(26, 23, 4);(27, 29, 3);(28, 29, 4);(29, 34, 5);(30, 34, 4);(34, 38, 4);
(35, 21, 6);(39, 38, 4);(40, 21, 4);(42, 36, 2);(43, 32, 3);(47, 31, 4);(50, 31, 3);
Queue 1: (33, 11, 5); (8, 16, 4); 
Queue 2: (48, 10, 6); (25, 17, 4); 
Queue 3: (37, 11, 6); (32, 17, 3); 
Queue 4: (2, 13, 6); (23, 18, 5); 
Queue 5: (49, 13, 6); 

Time19
Waiting Clients : (1, 37, 5);
(3, 20, 2);(4, 35, 4);(5, 32, 3);(6, 35, 6);(7, 23, 3);(9, 21, 2);(12, 27, 5);(13, 32, 5);(14, 39, 4);(15, 29, 2);
(16, 27, 5);(17, 32, 6);(22, 37, 5);(24, 36, 5);(26, 23, 4);(27, 29, 3);(28, 29, 4);(29, 34, 5);(30, 34, 4);(34, 38, 4);
(35, 21, 6);(39, 38, 4);(40, 21, 4);(42, 36, 2);(43, 32, 3);(47, 31, 4);(50, 31, 3);
Queue 1: (33, 11, 5); (8, 16, 4); 
Queue 2: (48, 10, 6); (25, 17, 4); 
Queue 3: (37, 11, 6); (32, 17, 3); 
Queue 4: (2, 13, 6); (23, 18, 5); 
Queue 5: (49, 13, 6); 

Time20
Waiting Clients : (1, 37, 5);
(4, 35, 4);(5, 32, 3);(6, 35, 6);(7, 23, 3);(9, 21, 2);(12, 27, 5);(13, 32, 5);(14, 39, 4);(15, 29, 2);(16, 27, 5);
(17, 32, 6);(22, 37, 5);(24, 36, 5);(26, 23, 4);(27, 29, 3);(28, 29, 4);(29, 34, 5);(30, 34, 4);(34, 38, 4);(35, 21, 6);
(39, 38, 4);(40, 21, 4);(42, 36, 2);(43, 32, 3);(47, 31, 4);(50, 31, 3);
Queue 1: (8, 16, 4); (3, 20, 2); 
Queue 2: (48, 10, 6); (25, 17, 4); 
Queue 3: (37, 11, 6); (32, 17, 3); 
Queue 4: (2, 13, 6); (23, 18, 5); 
Queue 5: (49, 13, 6); 

Time21
Waiting Clients : (1, 37, 5);
(4, 35, 4);(5, 32, 3);(6, 35, 6);(7, 23, 3);(12, 27, 5);(13, 32, 5);(14, 39, 4);(15, 29, 2);(16, 27, 5);(17, 32, 6);
(22, 37, 5);(24, 36, 5);(26, 23, 4);(27, 29, 3);(28, 29, 4);(29, 34, 5);(30, 34, 4);(34, 38, 4);(39, 38, 4);(42, 36, 2);
(43, 32, 3);(47, 31, 4);(50, 31, 3);
Queue 1: (8, 16, 4); (3, 20, 2); (40, 21, 4); 
Queue 2: (25, 17, 4); (9, 21, 2); 
Queue 3: (37, 11, 6); (32, 17, 3); 
Queue 4: (2, 13, 6); (23, 18, 5); 
Queue 5: (49, 13, 6); (35, 21, 6); 

Time22
Waiting Clients : (1, 37, 5);
(4, 35, 4);(5, 32, 3);(6, 35, 6);(7, 23, 3);(12, 27, 5);(13, 32, 5);(14, 39, 4);(15, 29, 2);(16, 27, 5);(17, 32, 6);
(22, 37, 5);(24, 36, 5);(26, 23, 4);(27, 29, 3);(28, 29, 4);(29, 34, 5);(30, 34, 4);(34, 38, 4);(39, 38, 4);(42, 36, 2);
(43, 32, 3);(47, 31, 4);(50, 31, 3);
Queue 1: (8, 16, 4); (3, 20, 2); (40, 21, 4); 
Queue 2: (25, 17, 4); (9, 21, 2); 
Queue 3: (37, 11, 6); (32, 17, 3); 
Queue 4: (2, 13, 6); (23, 18, 5); 
Queue 5: (35, 21, 6); 

Time23
Waiting Clients : (1, 37, 5);
(4, 35, 4);(5, 32, 3);(6, 35, 6);(12, 27, 5);(13, 32, 5);(14, 39, 4);(15, 29, 2);(16, 27, 5);(17, 32, 6);(22, 37, 5);
(24, 36, 5);(27, 29, 3);(28, 29, 4);(29, 34, 5);(30, 34, 4);(34, 38, 4);(39, 38, 4);(42, 36, 2);(43, 32, 3);(47, 31, 4);
(50, 31, 3);
Queue 1: (8, 16, 4); (3, 20, 2); (40, 21, 4); 
Queue 2: (25, 17, 4); (9, 21, 2); 
Queue 3: (32, 17, 3); (7, 23, 3); 
Queue 4: (2, 13, 6); (23, 18, 5); 
Queue 5: (35, 21, 6); (26, 23, 4); 

Time24
Waiting Clients : (1, 37, 5);
(4, 35, 4);(5, 32, 3);(6, 35, 6);(12, 27, 5);(13, 32, 5);(14, 39, 4);(15, 29, 2);(16, 27, 5);(17, 32, 6);(22, 37, 5);
(24, 36, 5);(27, 29, 3);(28, 29, 4);(29, 34, 5);(30, 34, 4);(34, 38, 4);(39, 38, 4);(42, 36, 2);(43, 32, 3);(47, 31, 4);
(50, 31, 3);
Queue 1: (3, 20, 2); (40, 21, 4); 
Queue 2: (25, 17, 4); (9, 21, 2); 
Queue 3: (32, 17, 3); (7, 23, 3); 
Queue 4: (23, 18, 5); 
Queue 5: (35, 21, 6); (26, 23, 4); 

Time25
Waiting Clients : (1, 37, 5);
(4, 35, 4);(5, 32, 3);(6, 35, 6);(12, 27, 5);(13, 32, 5);(14, 39, 4);(15, 29, 2);(16, 27, 5);(17, 32, 6);(22, 37, 5);
(24, 36, 5);(27, 29, 3);(28, 29, 4);(29, 34, 5);(30, 34, 4);(34, 38, 4);(39, 38, 4);(42, 36, 2);(43, 32, 3);(47, 31, 4);
(50, 31, 3);
Queue 1: (3, 20, 2); (40, 21, 4); 
Queue 2: (9, 21, 2); 
Queue 3: (32, 17, 3); (7, 23, 3); 
Queue 4: (23, 18, 5); 
Queue 5: (35, 21, 6); (26, 23, 4); 

Time26
Waiting Clients : (1, 37, 5);
(4, 35, 4);(5, 32, 3);(6, 35, 6);(12, 27, 5);(13, 32, 5);(14, 39, 4);(15, 29, 2);(16, 27, 5);(17, 32, 6);(22, 37, 5);
(24, 36, 5);(27, 29, 3);(28, 29, 4);(29, 34, 5);(30, 34, 4);(34, 38, 4);(39, 38, 4);(42, 36, 2);(43, 32, 3);(47, 31, 4);
(50, 31, 3);
Queue 1: (40, 21, 4); 
Queue 2: (9, 21, 2); 
Queue 3: (7, 23, 3); 
Queue 4: (23, 18, 5); 
Queue 5: (35, 21, 6); (26, 23, 4); 

Time27
Waiting Clients : (1, 37, 5);
(4, 35, 4);(5, 32, 3);(6, 35, 6);(13, 32, 5);(14, 39, 4);(15, 29, 2);(17, 32, 6);(22, 37, 5);(24, 36, 5);(27, 29, 3);
(28, 29, 4);(29, 34, 5);(30, 34, 4);(34, 38, 4);(39, 38, 4);(42, 36, 2);(43, 32, 3);(47, 31, 4);(50, 31, 3);
Queue 1: (40, 21, 4); (16, 27, 5); 
Queue 2: (12, 27, 5); 
Queue 3: (7, 23, 3); 
Queue 4: (23, 18, 5); 
Queue 5: (35, 21, 6); (26, 23, 4); 

Time28
Waiting Clients : (1, 37, 5);
(4, 35, 4);(5, 32, 3);(6, 35, 6);(13, 32, 5);(14, 39, 4);(15, 29, 2);(17, 32, 6);(22, 37, 5);(24, 36, 5);(27, 29, 3);
(28, 29, 4);(29, 34, 5);(30, 34, 4);(34, 38, 4);(39, 38, 4);(42, 36, 2);(43, 32, 3);(47, 31, 4);(50, 31, 3);
Queue 1: (40, 21, 4); (16, 27, 5); 
Queue 2: (12, 27, 5); 
Queue 3: (7, 23, 3); 
Queue 4: (23, 18, 5); 
Queue 5: (26, 23, 4); 

Time29
Waiting Clients : (1, 37, 5);
(4, 35, 4);(5, 32, 3);(6, 35, 6);(13, 32, 5);(14, 39, 4);(17, 32, 6);(22, 37, 5);(24, 36, 5);(28, 29, 4);(29, 34, 5);
(30, 34, 4);(34, 38, 4);(39, 38, 4);(42, 36, 2);(43, 32, 3);(47, 31, 4);(50, 31, 3);
Queue 1: (40, 21, 4); (16, 27, 5); 
Queue 2: (12, 27, 5); 
Queue 3: (15, 29, 2); 
Queue 4: (27, 29, 3); 
Queue 5: (26, 23, 4); 

Time30
Waiting Clients : (1, 37, 5);
(4, 35, 4);(5, 32, 3);(6, 35, 6);(13, 32, 5);(14, 39, 4);(17, 32, 6);(22, 37, 5);(24, 36, 5);(29, 34, 5);(30, 34, 4);
(34, 38, 4);(39, 38, 4);(42, 36, 2);(43, 32, 3);(47, 31, 4);(50, 31, 3);
Queue 1: (16, 27, 5); (28, 29, 4); 
Queue 2: (12, 27, 5); 
Queue 3: (15, 29, 2); 
Queue 4: (27, 29, 3); 
Queue 5: (26, 23, 4); 

Time31
Waiting Clients : (1, 37, 5);
(4, 35, 4);(5, 32, 3);(6, 35, 6);(13, 32, 5);(14, 39, 4);(17, 32, 6);(22, 37, 5);(24, 36, 5);(29, 34, 5);(30, 34, 4);
(34, 38, 4);(39, 38, 4);(42, 36, 2);(43, 32, 3);(50, 31, 3);
Queue 1: (16, 27, 5); (28, 29, 4); 
Queue 2: (12, 27, 5); 
Queue 3: (47, 31, 4); 
Queue 4: (27, 29, 3); 
Queue 5: (26, 23, 4); 

Time32
Waiting Clients : (1, 37, 5);
(4, 35, 4);(6, 35, 6);(14, 39, 4);(22, 37, 5);(24, 36, 5);(29, 34, 5);(30, 34, 4);(34, 38, 4);(39, 38, 4);(42, 36, 2);
(50, 31, 3);
Queue 1: (16, 27, 5); (28, 29, 4); 
Queue 2: (5, 32, 3); (43, 32, 3); 
Queue 3: (47, 31, 4); 
Queue 4: (13, 32, 5); 
Queue 5: (17, 32, 6); 

Time33
Waiting Clients : (1, 37, 5);
(4, 35, 4);(6, 35, 6);(14, 39, 4);(22, 37, 5);(24, 36, 5);(29, 34, 5);(30, 34, 4);(34, 38, 4);(39, 38, 4);(42, 36, 2);

Queue 1: (16, 27, 5); (28, 29, 4); 
Queue 2: (5, 32, 3); (43, 32, 3); 
Queue 3: (47, 31, 4); (50, 31, 3); 
Queue 4: (13, 32, 5); 
Queue 5: (17, 32, 6); 

Time34
Waiting Clients : (1, 37, 5);
(4, 35, 4);(6, 35, 6);(14, 39, 4);(22, 37, 5);(24, 36, 5);(30, 34, 4);(34, 38, 4);(39, 38, 4);(42, 36, 2);
Queue 1: (16, 27, 5); (28, 29, 4); 
Queue 2: (5, 32, 3); (43, 32, 3); 
Queue 3: (47, 31, 4); (50, 31, 3); 
Queue 4: (13, 32, 5); (29, 34, 5); 
Queue 5: (17, 32, 6); 

Time35
Waiting Clients : (1, 37, 5);
(6, 35, 6);(14, 39, 4);(22, 37, 5);(24, 36, 5);(34, 38, 4);(39, 38, 4);(42, 36, 2);
Queue 1: (28, 29, 4); (4, 35, 4); 
Queue 2: (43, 32, 3); (30, 34, 4); 
Queue 3: (50, 31, 3); 
Queue 4: (13, 32, 5); (29, 34, 5); 
Queue 5: (17, 32, 6); 

Time36
Waiting Clients : (1, 37, 5);
(14, 39, 4);(22, 37, 5);(34, 38, 4);(39, 38, 4);
Queue 1: (28, 29, 4); (4, 35, 4); (42, 36, 2); 
Queue 2: (43, 32, 3); (30, 34, 4); 
Queue 3: (50, 31, 3); (6, 35, 6); 
Queue 4: (13, 32, 5); (29, 34, 5); 
Queue 5: (17, 32, 6); (24, 36, 5); 

Time37
Waiting Clients : (14, 39, 4);
(34, 38, 4);(39, 38, 4);
Queue 1: (28, 29, 4); (4, 35, 4); (42, 36, 2); 
Queue 2: (43, 32, 3); (30, 34, 4); (22, 37, 5); 
Queue 3: (50, 31, 3); (6, 35, 6); 
Queue 4: (29, 34, 5); (1, 37, 5); 
Queue 5: (17, 32, 6); (24, 36, 5); 

Time38
Waiting Clients : (14, 39, 4);
(39, 38, 4);
Queue 1: (28, 29, 4); (4, 35, 4); (42, 36, 2); 
Queue 2: (30, 34, 4); (22, 37, 5); 
Queue 3: (6, 35, 6); (34, 38, 4); 
Queue 4: (29, 34, 5); (1, 37, 5); 
Queue 5: (24, 36, 5); 

Time39
Waiting Clients : (39, 38, 4);

Queue 1: (4, 35, 4); (42, 36, 2); 
Queue 2: (30, 34, 4); (22, 37, 5); 
Queue 3: (6, 35, 6); (34, 38, 4); 
Queue 4: (29, 34, 5); (1, 37, 5); 
Queue 5: (24, 36, 5); (14, 39, 4); 

Time40
Waiting Clients : 
Queue 1: (4, 35, 4); (42, 36, 2); (39, 38, 4); 
Queue 2: (30, 34, 4); (22, 37, 5); 
Queue 3: (6, 35, 6); (34, 38, 4); 
Queue 4: (29, 34, 5); (1, 37, 5); 
Queue 5: (24, 36, 5); (14, 39, 4); 

Time41
Waiting Clients : 
Queue 1: (4, 35, 4); (42, 36, 2); (39, 38, 4); 
Queue 2: (30, 34, 4); (22, 37, 5); 
Queue 3: (6, 35, 6); (34, 38, 4); 
Queue 4: (29, 34, 5); (1, 37, 5); 
Queue 5: (24, 36, 5); (14, 39, 4); 

Time42
Waiting Clients : 
Queue 1: (4, 35, 4); (42, 36, 2); (39, 38, 4); 
Queue 2: (22, 37, 5); 
Queue 3: (6, 35, 6); (34, 38, 4); 
Queue 4: (1, 37, 5); 
Queue 5: (24, 36, 5); (14, 39, 4); 

Time43
Waiting Clients : 
Queue 1: (42, 36, 2); (39, 38, 4); 
Queue 2: (22, 37, 5); 
Queue 3: (6, 35, 6); (34, 38, 4); 
Queue 4: (1, 37, 5); 
Queue 5: (14, 39, 4); 

Time44
Waiting Clients : 
Queue 1: (42, 36, 2); (39, 38, 4); 
Queue 2: (22, 37, 5); 
Queue 3: (34, 38, 4); 
Queue 4: (1, 37, 5); 
Queue 5: (14, 39, 4); 

SIMULATION FINISHED